Linear	1	0	7.35	2.5637e-06	0.15336	0.146854	0.00466275	0.00232551	0.000421942	-0.000102504	0.000100863
Linear	2	0	7.35	0.109131	0.5129	0.267013	0.144849	0.127541	0.087055	0.0307658	0.0208101
Linear	3	0	7.35	0.0199173	0.381695	0.218478	0.0882245	0.0827513	0.0371907	0.011514	0.00889028
Linear	4	0	7.35	0.00772144	0.32669	0.842927	0.816749	0.120046	0.0231562	0.0314101	0.0055354
Linear	5	0	7.35	2.52252	0.200597	0.536278	0.458991	1.06394	0.418539	0.263548	0.10005
Linear	6	0	7.35	2.13461	0.340988	0.360203	0.25357	1.19707	0.385015	0.169156	0.0920362
Single exponential	2	0	7.35	0.281012	0.0664994	-0.88743	-1.6424	1.31301	14.2959	-19.8214	181.659	-1.25355	14.4294
Single exponential	4	0	7.35	0.0033314	0.421798	0.932231	0.905124	-0.244177	0.03272	2.36839	0.870781	0.315577	0.0299042
Single exponential	5	0	7.35	1.91017	0.19106	0.648848	0.508387	-2.04486	0.672854	0.918687	0.775199	2.37165	0.309638
Single exponential	6	0	7.35	0.723364	0.458426	0.783189	0.696465	-1.73781	0.411638	0.31924	0.555798	2.01625	0.157696
