"s"	"ADC 0"	"ADC 1"
-0.10000000	0.004368	0.004234
-0.09980000	0.004514	0.004183
-0.09960000	0.004438	0.004056
-0.09940000	0.004514	0.004139
-0.09920000	0.004520	0.004107
-0.09900000	0.004482	0.004025
-0.09880000	0.004349	0.004133
-0.09860000	0.004520	0.004164
-0.09840000	0.004470	0.004094
-0.09820000	0.004470	0.004094
-0.09800000	0.004355	0.004272
-0.09780000	0.004412	0.004215
-0.09760000	0.004508	0.004094
-0.09740000	0.004457	0.004253
-0.09720000	0.004559	0.004133
-0.09700000	0.004590	0.004063
-0.09680000	0.004654	0.004063
-0.09660000	0.004419	0.004094
-0.09640000	0.004444	0.004139
-0.09620000	0.004431	0.004114
-0.09600000	0.004317	0.004190
-0.09580000	0.004450	0.004393
-0.09560000	0.004336	0.004012
-0.09540000	0.004667	0.004094
-0.09520000	0.004260	0.004203
-0.09500000	0.004603	0.004183
-0.09480000	0.004311	0.004107
-0.09460000	0.004660	0.004304
-0.09440000	0.004381	0.004311
-0.09420000	0.004438	0.004241
-0.09400000	0.004431	0.004069
-0.09380000	0.004527	0.003821
-0.09360000	0.004266	0.004368
-0.09340000	0.004482	0.004183
-0.09320000	0.004311	0.004158
-0.09300000	0.004508	0.004094
-0.09280000	0.004438	0.004260
-0.09260000	0.004311	0.004215
-0.09240000	0.004317	0.003986
-0.09220000	0.004285	0.004158
-0.09200000	0.004393	0.004164
-0.09180000	0.004336	0.004304
-0.09160000	0.004400	0.004152
-0.09140000	0.004705	0.004272
-0.09120000	0.004501	0.004082
-0.09100000	0.004482	0.004190
-0.09080000	0.004457	0.004088
-0.09060000	0.004578	0.004260
-0.09040000	0.004482	0.004050
-0.09020000	0.004400	0.004133
-0.09000000	0.004667	0.004107
-0.08980000	0.004361	0.004292
-0.08960000	0.004527	0.003980
-0.08940000	0.004578	0.004133
-0.08920000	0.004463	0.004094
-0.08900000	0.004253	0.004050
-0.08880000	0.004527	0.004215
-0.08860000	0.004292	0.004285
-0.08840000	0.004272	0.004152
-0.08820000	0.004527	0.004196
-0.08800000	0.004412	0.004050
-0.08780000	0.004679	0.004094
-0.08760000	0.004336	0.004094
-0.08740000	0.004412	0.004247
-0.08720000	0.004482	0.004069
-0.08700000	0.004622	0.004228
-0.08680000	0.004552	0.004120
-0.08660000	0.004431	0.004088
-0.08640000	0.004349	0.004075
-0.08620000	0.004546	0.004101
-0.08600000	0.004330	0.004145
-0.08580000	0.004686	0.004139
-0.08560000	0.004298	0.004025
-0.08540000	0.004578	0.004044
-0.08520000	0.004571	0.004164
-0.08500000	0.004470	0.004139
-0.08480000	0.004457	0.004209
-0.08460000	0.004368	0.004190
-0.08440000	0.004533	0.004171
-0.08420000	0.004457	0.004120
-0.08400000	0.004705	0.003967
-0.08380000	0.004495	0.004196
-0.08360000	0.004260	0.004311
-0.08340000	0.004260	0.004323
-0.08320000	0.004336	0.004171
-0.08300000	0.004279	0.004215
-0.08280000	0.004368	0.004152
-0.08260000	0.004495	0.003974
-0.08240000	0.004330	0.004279
-0.08220000	0.004501	0.004381
-0.08200000	0.004355	0.004056
-0.08180000	0.004565	0.004101
-0.08160000	0.004361	0.004107
-0.08140000	0.004266	0.004133
-0.08120000	0.004311	0.004247
-0.08100000	0.004342	0.003967
-0.08080000	0.004571	0.004342
-0.08060000	0.004508	0.003974
-0.08040000	0.004622	0.004241
-0.08020000	0.004342	0.004234
-0.08000000	0.004495	0.004044
-0.07980000	0.004559	0.004355
-0.07960000	0.004412	0.004056
-0.07940000	0.004412	0.004196
-0.07920000	0.004450	0.004088
-0.07900000	0.004495	0.004075
-0.07880000	0.004470	0.004139
-0.07860000	0.004559	0.004152
-0.07840000	0.004667	0.004266
-0.07820000	0.004419	0.004266
-0.07800000	0.004330	0.004234
-0.07780000	0.004667	0.004025
-0.07760000	0.004508	0.004266
-0.07740000	0.004501	0.004075
-0.07720000	0.004444	0.004082
-0.07700000	0.004355	0.004069
-0.07680000	0.004470	0.004152
-0.07660000	0.004571	0.004285
-0.07640000	0.004260	0.004082
-0.07620000	0.004489	0.004145
-0.07600000	0.004463	0.004190
-0.07580000	0.004470	0.004355
-0.07560000	0.004533	0.004094
-0.07540000	0.004330	0.003974
-0.07520000	0.004641	0.004139
-0.07500000	0.004470	0.004158
-0.07480000	0.004374	0.004050
-0.07460000	0.004304	0.004183
-0.07440000	0.004215	0.004164
-0.07420000	0.004597	0.004342
-0.07400000	0.004419	0.004044
-0.07380000	0.004444	0.003986
-0.07360000	0.004412	0.004381
-0.07340000	0.004590	0.004164
-0.07320000	0.004476	0.004438
-0.07300000	0.004438	0.004196
-0.07280000	0.004450	0.003999
-0.07260000	0.004635	0.004050
-0.07240000	0.004419	0.004234
-0.07220000	0.004463	0.004190
-0.07200000	0.004196	0.004215
-0.07180000	0.004266	0.004228
-0.07160000	0.004533	0.003942
-0.07140000	0.004253	0.004228
-0.07120000	0.004419	0.004298
-0.07100000	0.004425	0.004177
-0.07080000	0.004311	0.004056
-0.07060000	0.004450	0.003986
-0.07040000	0.004412	0.004336
-0.07020000	0.004539	0.004018
-0.07000000	0.004444	0.004171
-0.06980000	0.004552	0.004037
-0.06960000	0.004514	0.004272
-0.06940000	0.004444	0.004114
-0.06920000	0.004431	0.004253
-0.06900000	0.004578	0.004120
-0.06880000	0.004514	0.004222
-0.06860000	0.004489	0.004056
-0.06840000	0.004266	0.004190
-0.06820000	0.004482	0.004203
-0.06800000	0.004419	0.004285
-0.06780000	0.004406	0.004158
-0.06760000	0.004482	0.004139
-0.06740000	0.004527	0.003961
-0.06720000	0.004412	0.004114
-0.06700000	0.004533	0.004215
-0.06680000	0.004425	0.004005
-0.06660000	0.004349	0.004253
-0.06640000	0.004482	0.004171
-0.06620000	0.004342	0.004247
-0.06600000	0.004393	0.004190
-0.06580000	0.004635	0.003904
-0.06560000	0.004381	0.004298
-0.06540000	0.004425	0.004177
-0.06520000	0.004381	0.004069
-0.06500000	0.004476	0.004139
-0.06480000	0.004247	0.004164
-0.06460000	0.004368	0.004215
-0.06440000	0.004520	0.004145
-0.06420000	0.004374	0.004330
-0.06400000	0.004533	0.004037
-0.06380000	0.004641	0.003891
-0.06360000	0.004590	0.004228
-0.06340000	0.004495	0.004222
-0.06320000	0.004374	0.004171
-0.06300000	0.004272	0.004304
-0.06280000	0.004463	0.004266
-0.06260000	0.004323	0.004056
-0.06240000	0.004387	0.004075
-0.06220000	0.004533	0.004114
-0.06200000	0.004412	0.004330
-0.06180000	0.004387	0.004145
-0.06160000	0.004457	0.004133
-0.06140000	0.004317	0.004107
-0.06120000	0.004412	0.004285
-0.06100000	0.004323	0.004304
-0.06080000	0.004234	0.003974
-0.06060000	0.004457	0.004190
-0.06040000	0.004292	0.004209
-0.06020000	0.004457	0.004285
-0.06000000	0.004381	0.004120
-0.05980000	0.004431	0.004126
-0.05960000	0.004349	0.004228
-0.05940000	0.004355	0.004330
-0.05920000	0.004330	0.004463
-0.05900000	0.004330	0.004171
-0.05880000	0.004368	0.004101
-0.05860000	0.004571	0.004228
-0.05840000	0.004463	0.004075
-0.05820000	0.004431	0.004183
-0.05800000	0.004412	0.004133
-0.05780000	0.004590	0.004120
-0.05760000	0.004330	0.004247
-0.05740000	0.004431	0.003948
-0.05720000	0.004406	0.004069
-0.05700000	0.004476	0.004133
-0.05680000	0.004571	0.004133
-0.05660000	0.004368	0.004075
-0.05640000	0.004616	0.004063
-0.05620000	0.004495	0.004145
-0.05600000	0.004387	0.004088
-0.05580000	0.004196	0.004005
-0.05560000	0.004336	0.004145
-0.05540000	0.004412	0.004025
-0.05520000	0.004400	0.004241
-0.05500000	0.004686	0.004260
-0.05480000	0.004374	0.004031
-0.05460000	0.004311	0.004031
-0.05440000	0.004323	0.004266
-0.05420000	0.004450	0.003980
-0.05400000	0.004597	0.004190
-0.05380000	0.004330	0.004317
-0.05360000	0.004533	0.004177
-0.05340000	0.004381	0.004190
-0.05320000	0.004393	0.004171
-0.05300000	0.004495	0.004190
-0.05280000	0.004412	0.004234
-0.05260000	0.004648	0.004069
-0.05240000	0.004323	0.004152
-0.05220000	0.004514	0.004069
-0.05200000	0.004533	0.004190
-0.05180000	0.004304	0.004222
-0.05160000	0.004539	0.004222
-0.05140000	0.004476	0.003897
-0.05120000	0.004686	0.004107
-0.05100000	0.004431	0.004082
-0.05080000	0.004387	0.004152
-0.05060000	0.004457	0.003916
-0.05040000	0.004266	0.004215
-0.05020000	0.004330	0.004209
-0.05000000	0.004520	0.003999
-0.04980000	0.004527	0.004050
-0.04960000	0.004361	0.004120
-0.04940000	0.004578	0.004031
-0.04920000	0.004508	0.004234
-0.04900000	0.004406	0.004241
-0.04880000	0.004520	0.004044
-0.04860000	0.004425	0.004209
-0.04840000	0.004381	0.004101
-0.04820000	0.004355	0.004247
-0.04800000	0.004412	0.004234
-0.04780000	0.004501	0.004203
-0.04760000	0.004431	0.004171
-0.04740000	0.004470	0.004336
-0.04720000	0.004501	0.004114
-0.04700000	0.004196	0.004215
-0.04680000	0.004260	0.004349
-0.04660000	0.004450	0.004304
-0.04640000	0.004393	0.004018
-0.04620000	0.004412	0.004094
-0.04600000	0.004450	0.004044
-0.04580000	0.004431	0.004037
-0.04560000	0.004355	0.003980
-0.04540000	0.004304	0.004209
-0.04520000	0.004374	0.004196
-0.04500000	0.004361	0.004114
-0.04480000	0.004463	0.004152
-0.04460000	0.004470	0.004152
-0.04440000	0.004520	0.004203
-0.04420000	0.004311	0.004152
-0.04400000	0.004393	0.004260
-0.04380000	0.004616	0.004183
-0.04360000	0.004387	0.004171
-0.04340000	0.004597	0.003967
-0.04320000	0.004311	0.004272
-0.04300000	0.004203	0.004209
-0.04280000	0.004565	0.004190
-0.04260000	0.004330	0.003999
-0.04240000	0.004457	0.003986
-0.04220000	0.004412	0.004241
-0.04200000	0.004342	0.004177
-0.04180000	0.004406	0.004260
-0.04160000	0.004571	0.004209
-0.04140000	0.004381	0.004183
-0.04120000	0.004546	0.004037
-0.04100000	0.004393	0.004190
-0.04080000	0.004215	0.004088
-0.04060000	0.004476	0.004203
-0.04040000	0.004323	0.004285
-0.04020000	0.004292	0.004361
-0.04000000	0.004412	0.004177
-0.03980000	0.004342	0.004292
-0.03960000	0.004400	0.004094
-0.03940000	0.004470	0.004349
-0.03920000	0.004393	0.004018
-0.03900000	0.004629	0.004005
-0.03880000	0.004501	0.004082
-0.03860000	0.004597	0.004196
-0.03840000	0.004279	0.003935
-0.03820000	0.004431	0.004050
-0.03800000	0.004635	0.004228
-0.03780000	0.004476	0.004158
-0.03760000	0.004285	0.004209
-0.03740000	0.004635	0.004304
-0.03720000	0.004393	0.004152
-0.03700000	0.004209	0.004190
-0.03680000	0.004311	0.004133
-0.03660000	0.004241	0.004114
-0.03640000	0.004196	0.004203
-0.03620000	0.004501	0.004075
-0.03600000	0.004527	0.004139
-0.03580000	0.004279	0.004101
-0.03560000	0.004527	0.004114
-0.03540000	0.004393	0.004133
-0.03520000	0.004457	0.004107
-0.03500000	0.004285	0.004082
-0.03480000	0.004495	0.004222
-0.03460000	0.004387	0.004101
-0.03440000	0.004463	0.004317
-0.03420000	0.004368	0.004107
-0.03400000	0.004565	0.004171
-0.03380000	0.004495	0.004272
-0.03360000	0.004419	0.004114
-0.03340000	0.004622	0.004158
-0.03320000	0.004450	0.004094
-0.03300000	0.004368	0.004094
-0.03280000	0.004330	0.004183
-0.03260000	0.004470	0.004183
-0.03240000	0.004495	0.004012
-0.03220000	0.004622	0.004171
-0.03200000	0.004565	0.004298
-0.03180000	0.004450	0.003967
-0.03160000	0.004470	0.004342
-0.03140000	0.004152	0.004241
-0.03120000	0.004419	0.004082
-0.03100000	0.004609	0.004253
-0.03080000	0.004368	0.004101
-0.03060000	0.004336	0.004203
-0.03040000	0.004552	0.004431
-0.03020000	0.004361	0.004215
-0.03000000	0.004641	0.004082
-0.02980000	0.004381	0.004044
-0.02960000	0.004425	0.004203
-0.02940000	0.004412	0.004164
-0.02920000	0.004489	0.004133
-0.02900000	0.004355	0.004196
-0.02880000	0.004565	0.004120
-0.02860000	0.004514	0.004145
-0.02840000	0.004323	0.004088
-0.02820000	0.004228	0.004031
-0.02800000	0.004317	0.004044
-0.02780000	0.004508	0.003955
-0.02760000	0.004603	0.004120
-0.02740000	0.004323	0.004063
-0.02720000	0.004546	0.004183
-0.02700000	0.004266	0.004094
-0.02680000	0.004292	0.004139
-0.02660000	0.004368	0.004044
-0.02640000	0.004520	0.004126
-0.02620000	0.004482	0.004063
-0.02600000	0.004400	0.004292
-0.02580000	0.004400	0.004183
-0.02560000	0.004476	0.004215
-0.02540000	0.004450	0.004228
-0.02520000	0.004349	0.004044
-0.02500000	0.004508	0.004266
-0.02480000	0.004368	0.004025
-0.02460000	0.004508	0.004304
-0.02440000	0.004457	0.004247
-0.02420000	0.004482	0.004164
-0.02400000	0.004438	0.004031
-0.02380000	0.004565	0.004152
-0.02360000	0.004412	0.004234
-0.02340000	0.004349	0.004222
-0.02320000	0.004514	0.004088
-0.02300000	0.004444	0.004120
-0.02280000	0.004412	0.004215
-0.02260000	0.004476	0.003904
-0.02240000	0.004234	0.004037
-0.02220000	0.004495	0.004190
-0.02200000	0.004381	0.004120
-0.02180000	0.004533	0.004190
-0.02160000	0.004368	0.003935
-0.02140000	0.004349	0.004241
-0.02120000	0.004597	0.004260
-0.02100000	0.004578	0.004012
-0.02080000	0.004368	0.003986
-0.02060000	0.004584	0.003980
-0.02040000	0.004425	0.004050
-0.02020000	0.004419	0.004158
-0.02000000	0.004285	0.004203
-0.01980000	0.004470	0.004133
-0.01960000	0.004412	0.004120
-0.01940000	0.004330	0.004101
-0.01920000	0.004368	0.004171
-0.01900000	0.004520	0.004158
-0.01880000	0.004444	0.004285
-0.01860000	0.004463	0.004069
-0.01840000	0.004406	0.004171
-0.01820000	0.004323	0.003916
-0.01800000	0.004514	0.004158
-0.01780000	0.004565	0.004044
-0.01760000	0.004686	0.004247
-0.01740000	0.004419	0.004025
-0.01720000	0.004304	0.003980
-0.01700000	0.004272	0.004133
-0.01680000	0.004609	0.004253
-0.01660000	0.004495	0.003935
-0.01640000	0.004457	0.004139
-0.01620000	0.004393	0.004234
-0.01600000	0.004342	0.004266
-0.01580000	0.004425	0.004298
-0.01560000	0.004482	0.004247
-0.01540000	0.004355	0.004018
-0.01520000	0.004559	0.004196
-0.01500000	0.004323	0.004228
-0.01480000	0.004450	0.004094
-0.01460000	0.004272	0.004209
-0.01440000	0.004552	0.004005
-0.01420000	0.004501	0.004228
-0.01400000	0.004641	0.004025
-0.01380000	0.004381	0.004177
-0.01360000	0.004400	0.004336
-0.01340000	0.004438	0.004228
-0.01320000	0.004228	0.004114
-0.01300000	0.004368	0.004107
-0.01280000	0.004476	0.004018
-0.01260000	0.004374	0.004183
-0.01240000	0.004222	0.004088
-0.01220000	0.004304	0.004190
-0.01200000	0.004603	0.004222
-0.01180000	0.004419	0.004082
-0.01160000	0.004260	0.004241
-0.01140000	0.004355	0.004196
-0.01120000	0.004508	0.004342
-0.01100000	0.004533	0.004203
-0.01080000	0.004514	0.004152
-0.01060000	0.004527	0.004145
-0.01040000	0.004419	0.004107
-0.01020000	0.004450	0.004158
-0.01000000	0.004279	0.003942
-0.00980000	0.004412	0.004152
-0.00960000	0.004323	0.004120
-0.00940000	0.004470	0.004253
-0.00920000	0.004336	0.004190
-0.00900000	0.004425	0.004190
-0.00880000	0.004527	0.003904
-0.00860000	0.004387	0.003993
-0.00840000	0.004482	0.004120
-0.00820000	0.004546	0.004120
-0.00800000	0.004616	0.004234
-0.00780000	0.004457	0.004234
-0.00760000	0.004317	0.004203
-0.00740000	0.004406	0.004183
-0.00720000	0.004571	0.003993
-0.00700000	0.004336	0.004272
-0.00680000	0.004412	0.004133
-0.00660000	0.004260	0.004120
-0.00640000	0.004406	0.004114
-0.00620000	0.004425	0.004196
-0.00600000	0.004355	0.004164
-0.00580000	0.004304	0.004368
-0.00560000	0.004419	0.004241
-0.00540000	0.004400	0.004247
-0.00520000	0.004495	0.004037
-0.00500000	0.004298	0.003827
-0.00480000	0.004361	0.003923
-0.00460000	0.004304	0.004279
-0.00440000	0.004419	0.004203
-0.00420000	0.004393	0.004177
-0.00400000	0.004450	0.004094
-0.00380000	0.004514	0.004075
-0.00360000	0.004381	0.004012
-0.00340000	0.004508	0.004330
-0.00320000	0.004361	0.004247
-0.00300000	0.004381	0.004114
-0.00280000	0.004425	0.004266
-0.00260000	0.004457	0.004158
-0.00240000	0.004476	0.004069
-0.00220000	0.004304	0.003923
-0.00200000	0.004698	0.004209
-0.00180000	0.004520	0.004171
-0.00160000	0.004311	0.004253
-0.00140000	0.004431	0.004183
-0.00120000	0.004539	0.003885
-0.00100000	0.004260	0.004260
-0.00080000	0.004419	0.004088
-0.00060000	0.004597	0.004304
-0.00040000	0.004476	0.004171
-0.00020000	0.004476	0.004005
-0.00000000	0.004781	0.002429
0.00020000	0.003681	0.005601
0.00040000	-0.607815	-0.363115
0.00060000	-2.496363	-2.941106
0.00080000	-2.497902	-3.000577
0.00100000	-2.497857	-2.592824
0.00120000	-2.497845	-1.787141
0.00140000	-2.497838	-0.112387
0.00160000	-2.497622	0.582225
0.00180000	-2.497851	0.654462
0.00200000	-2.497800	0.567093
0.00220000	-2.497749	0.504265
0.00240000	-2.497711	0.480264
0.00260000	-2.497762	0.472368
0.00280000	-2.497851	0.465953
0.00300000	-2.497743	0.457776
0.00320000	-2.468541	0.448201
0.00340000	-2.435061	0.438773
0.00360000	-2.405923	0.429160
0.00380000	-2.380460	0.419655
0.00400000	-2.358487	0.410557
0.00420000	-2.235406	0.401363
0.00440000	-2.066091	0.392024
0.00460000	-1.894506	0.383123
0.00480000	-1.722685	0.373834
0.00500000	-1.548888	0.365130
0.00520000	-1.377640	0.356490
0.00540000	-1.218363	0.347576
0.00560000	-1.079292	0.339139
0.00580000	-0.964019	0.330315
0.00600000	-0.871449	0.321751
0.00620000	-0.798594	0.313460
0.00640000	-0.741100	0.305227
0.00660000	-0.697002	0.296955
0.00680000	-0.665620	0.288830
0.00700000	-0.645084	0.281124
0.00720000	-0.632032	0.273158
0.00740000	-0.622711	0.265573
0.00760000	-0.606906	0.257861
0.00780000	-0.578594	0.250454
0.00800000	-0.544421	0.242831
0.00820000	-0.503222	0.235570
0.00840000	-0.455971	0.228424
0.00860000	-0.400276	0.221367
0.00880000	-0.338980	0.214297
0.00900000	-0.277182	0.207551
0.00920000	-0.216935	0.200812
0.00940000	-0.158348	0.194022
0.00960000	-0.101535	0.187556
0.00980000	-0.046031	0.181109
0.01000000	0.008500	0.174815
0.01020000	0.061989	0.168514
0.01040000	0.114460	0.162716
0.01060000	0.165552	0.156860
0.01080000	0.215664	0.150897
0.01100000	0.264988	0.145149
0.01120000	0.313282	0.139548
0.01140000	0.360959	0.134080
0.01160000	0.407486	0.128524
0.01180000	0.453250	0.123355
0.01200000	0.497882	0.118300
0.01220000	0.541407	0.113144
0.01240000	0.584068	0.108058
0.01260000	0.625801	0.103277
0.01280000	0.666332	0.098381
0.01300000	0.706164	0.094007
0.01320000	0.744940	0.089372
0.01340000	0.783424	0.084991
0.01360000	0.826988	0.080522
0.01380000	0.883509	0.076440
0.01400000	0.952231	0.072225
0.01420000	1.029371	0.068309
0.01440000	1.123473	0.064398
0.01460000	1.250966	0.060571
0.01480000	1.410923	0.056928
0.01500000	1.587537	0.053291
0.01520000	1.770891	0.049585
0.01540000	1.952744	0.046247
0.01560000	2.123769	0.042985
0.01580000	2.268162	0.039845
0.01600000	2.386958	0.036443
0.01620000	2.469018	0.033512
0.01640000	2.492154	0.030505
0.01660000	2.502111	0.027504
0.01680000	2.502003	0.024776
0.01700000	2.502213	0.022170
0.01720000	2.502003	0.019175
0.01740000	2.502200	0.016715
0.01760000	2.502193	0.014661
0.01780000	2.502225	0.012232
0.01800000	2.502035	0.009937
0.01820000	2.502041	0.007407
0.01840000	2.502003	0.005061
0.01860000	2.502149	0.003134
0.01880000	2.502181	0.001208
0.01900000	2.502155	-0.000687
0.01920000	2.502092	-0.002619
0.01940000	2.501729	-0.004304
0.01960000	2.493763	-0.006231
0.01980000	2.485956	-0.007769
0.02000000	2.478326	-0.009346
0.02020000	2.470945	-0.011139
0.02040000	2.463506	-0.012493
0.02060000	2.456512	-0.013822
0.02080000	2.449354	-0.015182
0.02100000	2.442436	-0.016416
0.02120000	2.435703	-0.017598
0.02140000	2.429123	-0.018972
0.02160000	2.422746	-0.020053
0.02180000	2.412217	-0.021114
0.02200000	2.386106	-0.022132
0.02220000	2.353077	-0.023028
0.02240000	2.307167	-0.023848
0.02260000	2.235953	-0.024796
0.02280000	2.141012	-0.025571
0.02300000	2.045110	-0.026410
0.02320000	1.943620	-0.027262
0.02340000	1.844362	-0.027866
0.02360000	1.745885	-0.028515
0.02380000	1.648712	-0.029017
0.02400000	1.553116	-0.029526
0.02420000	1.458003	-0.029958
0.02440000	1.359768	-0.030568
0.02460000	1.253478	-0.031185
0.02480000	1.139692	-0.031312
0.02500000	1.024424	-0.031726
0.02520000	0.907694	-0.031948
0.02540000	0.788962	-0.032247
0.02560000	0.669015	-0.032584
0.02580000	0.548350	-0.032743
0.02600000	0.429115	-0.033169
0.02620000	0.312290	-0.033182
0.02640000	0.196374	-0.033442
0.02660000	0.082321	-0.033283
0.02680000	-0.028509	-0.033620
0.02700000	-0.137323	-0.033569
0.02720000	-0.243022	-0.033646
0.02740000	-0.344969	-0.033506
0.02760000	-0.444336	-0.033499
0.02780000	-0.538972	-0.033449
0.02800000	-0.623283	-0.033538
0.02820000	-0.694733	-0.033417
0.02840000	-0.752303	-0.033366
0.02860000	-0.794271	-0.033315
0.02880000	-0.817947	-0.032851
0.02900000	-0.820510	-0.032756
0.02920000	-0.803687	-0.032546
0.02940000	-0.770009	-0.032514
0.02960000	-0.721162	-0.032209
0.02980000	-0.659987	-0.032024
0.03000000	-0.591024	-0.031681
0.03020000	-0.520528	-0.031528
0.03040000	-0.454375	-0.031122
0.03060000	-0.395540	-0.030874
0.03080000	-0.341028	-0.030702
0.03100000	-0.285263	-0.030200
0.03120000	-0.225175	-0.030066
0.03140000	-0.163530	-0.029666
0.03160000	-0.105337	-0.029360
0.03180000	-0.060139	-0.029271
0.03200000	-0.030295	-0.028483
0.03220000	-0.021420	-0.028152
0.03240000	-0.034262	-0.027936
0.03260000	-0.058174	-0.027777
0.03280000	-0.084337	-0.027078
0.03300000	-0.111841	-0.026836
0.03320000	-0.141118	-0.026582
0.03340000	-0.170097	-0.025997
0.03360000	-0.198085	-0.025476
0.03380000	-0.224527	-0.025024
0.03400000	-0.250327	-0.024923
0.03420000	-0.274824	-0.024274
0.03440000	-0.298150	-0.024045
0.03460000	-0.320689	-0.023600
0.03480000	-0.342229	-0.022939
0.03500000	-0.362670	-0.022513
0.03520000	-0.382322	-0.022329
0.03540000	-0.401128	-0.021871
0.03560000	-0.418555	-0.021477
0.03580000	-0.435511	-0.020898
0.03600000	-0.451730	-0.020536
0.03620000	-0.466531	-0.020167
0.03640000	-0.480906	-0.019633
0.03660000	-0.494518	-0.019410
0.03680000	-0.507228	-0.018679
0.03700000	-0.519136	-0.018349
0.03720000	-0.530523	-0.017980
0.03740000	-0.541058	-0.017554
0.03760000	-0.550880	-0.017115
0.03780000	-0.560087	-0.016740
0.03800000	-0.568384	-0.016054
0.03820000	-0.576070	-0.015850
0.03840000	-0.583274	-0.015297
0.03860000	-0.589975	-0.014966
0.03880000	-0.595843	-0.014470
0.03900000	-0.601088	-0.014261
0.03920000	-0.605736	-0.013707
0.03940000	-0.610097	-0.013288
0.03960000	-0.613944	-0.012925
0.03980000	-0.616881	-0.012563
0.04000000	-0.619678	-0.012226
0.04020000	-0.621859	-0.011813
0.04040000	-0.623830	-0.011400
0.04060000	-0.625064	-0.011012
0.04080000	-0.625827	-0.010503
0.04100000	-0.626367	-0.010408
0.04120000	-0.626341	-0.009925
0.04140000	-0.625884	-0.009460
0.04160000	-0.625114	-0.009041
0.04180000	-0.623976	-0.009022
0.04200000	-0.622673	-0.008392
0.04220000	-0.620842	-0.008036
0.04240000	-0.618318	-0.007871
0.04260000	-0.616309	-0.007248
0.04280000	-0.613244	-0.006911
0.04300000	-0.610434	-0.006650
0.04320000	-0.606988	-0.006371
0.04340000	-0.603644	-0.006053
0.04360000	-0.599600	-0.005678
0.04380000	-0.595455	-0.005544
0.04400000	-0.591068	-0.005131
0.04420000	-0.586618	-0.004838
0.04440000	-0.581964	-0.004609
0.04460000	-0.576935	-0.004107
0.04480000	-0.571779	-0.004063
0.04500000	-0.566400	-0.003567
0.04520000	-0.560939	-0.003211
0.04540000	-0.555484	-0.003039
0.04560000	-0.549520	-0.002766
0.04580000	-0.543613	-0.002594
0.04600000	-0.537580	-0.002391
0.04620000	-0.531241	-0.002041
0.04640000	-0.525138	-0.001812
0.04660000	-0.518589	-0.001602
0.04680000	-0.512104	-0.001335
0.04700000	-0.505511	-0.000846
0.04720000	-0.498753	-0.000877
0.04740000	-0.491924	-0.000528
0.04760000	-0.485287	-0.000439
0.04780000	-0.478071	-0.000248
0.04800000	-0.471179	0.000127
0.04820000	-0.464052	0.000305
0.04840000	-0.456924	0.000388
0.04860000	-0.449848	0.000661
0.04880000	-0.442797	0.000858
0.04900000	-0.435282	0.001005
0.04920000	-0.428282	0.001151
0.04940000	-0.421041	0.001335
0.04960000	-0.413977	0.001494
0.04980000	-0.406634	0.001672
0.05000000	-0.399602	0.001761
0.05020000	-0.392125	0.001812
0.05040000	-0.384884	0.002041
0.05060000	-0.377547	0.002314
0.05080000	-0.370439	0.002416
0.05100000	-0.363369	0.002391
0.05120000	-0.356229	0.002708
0.05140000	-0.348651	0.002740
0.05160000	-0.341803	0.002874
0.05180000	-0.334632	0.003198
0.05200000	-0.327714	0.003351
0.05220000	-0.320676	0.003363
0.05240000	-0.313536	0.003421
0.05260000	-0.306568	0.003465
0.05280000	-0.299842	0.003688
0.05300000	-0.292734	0.003897
0.05320000	-0.286160	0.003840
0.05340000	-0.279554	0.003808
0.05360000	-0.272891	0.004145
0.05380000	-0.266113	0.004279
0.05400000	-0.259755	0.004158
0.05420000	-0.253150	0.003916
0.05440000	-0.246722	0.004355
0.05460000	-0.240351	0.004355
0.05480000	-0.234203	0.004412
0.05500000	-0.227820	0.004883
0.05520000	-0.221901	0.004800
0.05540000	-0.215772	0.004838
0.05560000	-0.209827	0.005074
0.05580000	-0.203819	0.005023
0.05600000	-0.198046	0.005061
0.05620000	-0.192235	0.004934
0.05640000	-0.186475	0.005054
0.05660000	-0.180944	0.005156
0.05680000	-0.175279	0.005264
0.05700000	-0.169932	0.005112
0.05720000	-0.164642	0.005226
0.05740000	-0.159372	0.005169
0.05760000	-0.153980	0.005067
0.05780000	-0.148932	0.005430
0.05800000	-0.144062	0.005366
0.05820000	-0.139217	0.005360
0.05840000	-0.134239	0.005379
0.05860000	-0.129325	0.005608
0.05880000	-0.124639	0.005665
0.05900000	-0.119864	0.005519
0.05920000	-0.115763	0.005633
0.05940000	-0.111001	0.005468
0.05960000	-0.106640	0.005779
0.05980000	-0.102501	0.005684
0.06000000	-0.098356	0.005773
0.06020000	-0.094147	0.005817
0.06040000	-0.090307	0.005671
0.06060000	-0.086206	0.005417
0.06080000	-0.082455	0.005767
0.06100000	-0.078271	0.005881
0.06120000	-0.074717	0.005773
0.06140000	-0.071150	0.005601
0.06160000	-0.067679	0.005709
0.06180000	-0.064119	0.005849
0.06200000	-0.060743	0.005811
0.06220000	-0.057386	0.005747
0.06240000	-0.054188	0.005671
0.06260000	-0.051098	0.005684
0.06280000	-0.047989	0.005709
0.06300000	-0.044956	0.005690
0.06320000	-0.042044	0.005817
0.06340000	-0.039031	0.005678
0.06360000	-0.036189	0.005697
0.06380000	-0.033716	0.005938
0.06400000	-0.030867	0.005678
0.06420000	-0.028356	0.005576
0.06440000	-0.025851	0.005728
0.06460000	-0.023352	0.005639
0.06480000	-0.021152	0.005461
0.06500000	-0.018927	0.005391
0.06520000	-0.016785	0.005512
0.06540000	-0.014343	0.005646
0.06560000	-0.012302	0.005544
0.06580000	-0.010230	0.005665
0.06600000	-0.008265	0.005627
0.06620000	-0.006313	0.005525
0.06640000	-0.004393	0.005550
0.06660000	-0.002778	0.005398
0.06680000	-0.000890	0.005411
0.06700000	0.000598	0.005544
0.06720000	0.002244	0.005525
0.06740000	0.003719	0.005391
0.06760000	0.005372	0.005430
0.06780000	0.006987	0.005468
0.06800000	0.008411	0.005417
0.06820000	0.009753	0.005309
0.06840000	0.010955	0.005309
0.06860000	0.012258	0.005379
0.06880000	0.013510	0.005525
0.06900000	0.014515	0.005519
0.06920000	0.015628	0.005252
0.06940000	0.016791	0.005245
0.06960000	0.017579	0.005252
0.06980000	0.018972	0.005366
0.07000000	0.019805	0.005061
0.07020000	0.020746	0.005391
0.07040000	0.021814	0.005169
0.07060000	0.022163	0.005302
0.07080000	0.023117	0.005442
0.07100000	0.023664	0.005258
0.07120000	0.024509	0.005201
0.07140000	0.025082	0.004965
0.07160000	0.025915	0.005112
0.07180000	0.026417	0.004953
0.07200000	0.026976	0.005054
0.07220000	0.027447	0.005010
0.07240000	0.028083	0.004921
0.07260000	0.028248	0.004781
0.07280000	0.028737	0.004533
0.07300000	0.029068	0.005080
0.07320000	0.029558	0.005188
0.07340000	0.029895	0.004711
0.07360000	0.030219	0.004864
0.07380000	0.030365	0.005035
0.07400000	0.030753	0.004870
0.07420000	0.030759	0.004813
0.07440000	0.031064	0.004896
0.07460000	0.031331	0.004965
0.07480000	0.031522	0.004876
0.07500000	0.031865	0.004737
0.07520000	0.031751	0.004896
0.07540000	0.031827	0.004756
0.07560000	0.031961	0.004635
0.07580000	0.032012	0.004679
0.07600000	0.032139	0.004775
0.07620000	0.031923	0.004724
0.07640000	0.031954	0.004692
0.07660000	0.032031	0.004660
0.07680000	0.032094	0.004787
0.07700000	0.032012	0.004597
0.07720000	0.031757	0.004533
0.07740000	0.031738	0.004514
0.07760000	0.031706	0.004520
0.07780000	0.031516	0.004622
0.07800000	0.031395	0.004514
0.07820000	0.031255	0.004654
0.07840000	0.030937	0.004438
0.07860000	0.030931	0.004590
0.07880000	0.031064	0.004387
0.07900000	0.030715	0.004355
0.07920000	0.030645	0.004381
0.07940000	0.030448	0.004323
0.07960000	0.030181	0.004584
0.07980000	0.029856	0.004311
0.08000000	0.029640	0.004654
0.08020000	0.029265	0.004272
0.08040000	0.029087	0.004279
0.08060000	0.029011	0.004317
0.08080000	0.028566	0.004565
0.08100000	0.028292	0.004597
0.08120000	0.028318	0.004476
0.08140000	0.027898	0.004495
0.08160000	0.027688	0.004444
0.08180000	0.027383	0.004406
0.08200000	0.026779	0.004419
0.08220000	0.026843	0.004476
0.08240000	0.026404	0.004266
0.08260000	0.025921	0.004393
0.08280000	0.025743	0.004311
0.08300000	0.025603	0.004107
0.08320000	0.025196	0.004253
0.08340000	0.024910	0.004431
0.08360000	0.024713	0.004190
0.08380000	0.024223	0.004349
0.08400000	0.024014	0.004228
0.08420000	0.023702	0.004075
0.08440000	0.023155	0.004088
0.08460000	0.022939	0.004342
0.08480000	0.022577	0.004317
0.08500000	0.022411	0.004285
0.08520000	0.022049	0.004342
0.08540000	0.021763	0.004177
0.08560000	0.021420	0.004044
0.08580000	0.021248	0.004203
0.08600000	0.021057	0.004285
0.08620000	0.020599	0.004056
0.08640000	0.020192	0.004101
0.08660000	0.019900	0.004082
0.08680000	0.019658	0.004266
0.08700000	0.019379	0.004133
0.08720000	0.018959	0.004317
0.08740000	0.018539	0.003955
0.08760000	0.018393	0.003859
0.08780000	0.018126	0.004215
0.08800000	0.017707	0.004292
0.08820000	0.017389	0.004075
0.08840000	0.017039	0.004107
0.08860000	0.016956	0.004088
0.08880000	0.016683	0.004082
0.08900000	0.016295	0.004222
0.08920000	0.015926	0.004139
0.08940000	0.015462	0.004164
0.08960000	0.015532	0.004196
0.08980000	0.014985	0.004126
0.09000000	0.014947	0.004215
0.09020000	0.014502	0.003993
0.09040000	0.014369	0.004152
0.09060000	0.013981	0.004222
0.09080000	0.013765	0.004171
0.09100000	0.013371	0.004075
0.09120000	0.013186	0.004190
0.09140000	0.013065	0.004114
0.09160000	0.012747	0.004368
0.09180000	0.012512	0.004247
0.09200000	0.012264	0.004037
0.09220000	0.011896	0.004196
0.09240000	0.011889	0.004145
0.09260000	0.011470	0.004088
0.09280000	0.011285	0.004114
0.09300000	0.010904	0.004037
0.09320000	0.010789	0.004018
0.09340000	0.010662	0.004177
0.09360000	0.010618	0.003916
0.09380000	0.010045	0.003916
0.09400000	0.009893	0.004025
0.09420000	0.009937	0.004101
0.09440000	0.009524	0.004101
0.09460000	0.009244	0.003980
0.09480000	0.009270	0.003986
0.09500000	0.009009	0.004120
0.09520000	0.008806	0.003935
0.09540000	0.008609	0.004114
0.09560000	0.008532	0.004152
0.09580000	0.008240	0.004152
0.09600000	0.008227	0.003929
0.09620000	0.008144	0.004018
0.09640000	0.007782	0.004031
0.09660000	0.007712	0.004203
0.09680000	0.007534	0.003974
0.09700000	0.007496	0.003910
0.09720000	0.007292	0.004260
0.09740000	0.006994	0.004031
0.09760000	0.006854	0.004056
0.09780000	0.006943	0.004133
0.09800000	0.006758	0.004133
0.09820000	0.006574	0.004069
0.09840000	0.006377	0.003974
0.09860000	0.006460	0.004037
0.09880000	0.006294	0.004177
0.09900000	0.005995	0.003986
0.09920000	0.005964	0.003904
0.09940000	0.005703	0.004209
0.09960000	0.005525	0.004088
0.09980000	0.005671	0.004094
0.10000000	0.005620	0.003955
0.10020000	0.005461	0.004012
0.10040000	0.005150	0.003846
0.10060000	0.005124	0.004069
0.10080000	0.005118	0.004209
0.10100000	0.004908	0.004069
0.10120000	0.004965	0.003916
0.10140000	0.004864	0.004126
0.10160000	0.004648	0.004005
0.10180000	0.004711	0.003967
0.10200000	0.004635	0.004063
0.10220000	0.004635	0.004183
0.10240000	0.004527	0.004101
0.10260000	0.004381	0.003929
0.10280000	0.004489	0.004037
0.10300000	0.004298	0.004177
0.10320000	0.004183	0.004056
0.10340000	0.004126	0.004253
0.10360000	0.004317	0.003993
0.10380000	0.003891	0.003967
0.10400000	0.004094	0.003974
0.10420000	0.003910	0.003993
0.10440000	0.003999	0.004114
0.10460000	0.003897	0.004196
0.10480000	0.003834	0.004082
0.10500000	0.003719	0.003999
0.10520000	0.003707	0.004272
0.10540000	0.003726	0.004101
0.10560000	0.003688	0.004196
0.10580000	0.003732	0.004101
0.10600000	0.003522	0.004075
0.10620000	0.003579	0.004025
0.10640000	0.003459	0.004088
0.10660000	0.003707	0.004145
0.10680000	0.003382	0.004133
0.10700000	0.003522	0.004209
0.10720000	0.003351	0.004215
0.10740000	0.003408	0.004158
0.10760000	0.003478	0.004005
0.10780000	0.003440	0.004094
0.10800000	0.003274	0.003916
0.10820000	0.003446	0.004025
0.10840000	0.003198	0.004044
0.10860000	0.003160	0.004069
0.10880000	0.003293	0.004228
0.10900000	0.003160	0.004114
0.10920000	0.003446	0.004075
0.10940000	0.003312	0.003885
0.10960000	0.003478	0.004203
0.10980000	0.003211	0.004114
0.11000000	0.003128	0.004266
0.11020000	0.003026	0.004171
0.11040000	0.003281	0.004203
0.11060000	0.003134	0.003955
0.11080000	0.003141	0.004330
0.11100000	0.003223	0.004260
0.11120000	0.003185	0.003955
0.11140000	0.003293	0.004133
0.11160000	0.003338	0.004094
0.11180000	0.002988	0.004133
0.11200000	0.003325	0.003872
0.11220000	0.003236	0.004171
0.11240000	0.003287	0.004374
0.11260000	0.003128	0.004222
0.11280000	0.003211	0.004063
0.11300000	0.003103	0.004190
0.11320000	0.003204	0.004292
0.11340000	0.003058	0.004228
0.11360000	0.003160	0.004209
0.11380000	0.003223	0.004177
0.11400000	0.003281	0.004292
0.11420000	0.003090	0.004139
0.11440000	0.003306	0.004164
0.11460000	0.003325	0.004031
0.11480000	0.003179	0.004158
0.11500000	0.003376	0.004190
0.11520000	0.003395	0.004336
0.11540000	0.003503	0.004171
0.11560000	0.003370	0.004133
0.11580000	0.003312	0.004152
0.11600000	0.003312	0.004228
0.11620000	0.003344	0.004069
0.11640000	0.003433	0.004088
0.11660000	0.003281	0.004012
0.11680000	0.003440	0.004018
0.11700000	0.003490	0.004361
0.11720000	0.003344	0.004094
0.11740000	0.003440	0.003961
0.11760000	0.003497	0.004075
0.11780000	0.003338	0.004101
0.11800000	0.003401	0.004279
0.11820000	0.003300	0.004094
0.11840000	0.003459	0.004069
0.11860000	0.003471	0.004368
0.11880000	0.003738	0.004101
0.11900000	0.003306	0.004228
0.11920000	0.003484	0.004056
0.11940000	0.003529	0.004075
0.11960000	0.003478	0.004253
0.11980000	0.003624	0.004025
0.12000000	0.003783	0.004177
0.12020000	0.003777	0.004133
0.12040000	0.003777	0.004133
0.12060000	0.003452	0.004082
0.12080000	0.003745	0.004152
0.12100000	0.003529	0.004120
0.12120000	0.003599	0.004228
0.12140000	0.003688	0.004253
0.12160000	0.003611	0.004342
0.12180000	0.003681	0.004139
0.12200000	0.003681	0.004177
0.12220000	0.003643	0.004177
0.12240000	0.003777	0.003916
0.12260000	0.003821	0.004120
0.12280000	0.003770	0.003993
0.12300000	0.003815	0.004050
0.12320000	0.003834	0.004031
0.12340000	0.003840	0.004177
0.12360000	0.003592	0.004056
0.12380000	0.003904	0.004107
0.12400000	0.003751	0.004088
0.12420000	0.003745	0.004056
0.12440000	0.003827	0.004114
0.12460000	0.003999	0.004037
0.12480000	0.004094	0.004133
0.12500000	0.003999	0.004050
0.12520000	0.003872	0.004241
0.12540000	0.003872	0.004183
0.12560000	0.003872	0.003967
0.12580000	0.003866	0.004088
0.12600000	0.004107	0.004183
0.12620000	0.004101	0.004241
0.12640000	0.004133	0.004171
0.12660000	0.003834	0.004234
0.12680000	0.003872	0.004272
0.12700000	0.003986	0.003910
0.12720000	0.004120	0.004164
0.12740000	0.004012	0.003853
0.12760000	0.004094	0.004215
0.12780000	0.004088	0.004101
0.12800000	0.004088	0.003961
0.12820000	0.004196	0.004101
0.12840000	0.004031	0.004114
0.12860000	0.004063	0.004044
0.12880000	0.004114	0.004374
0.12900000	0.004101	0.004075
0.12920000	0.004253	0.004050
0.12940000	0.004190	0.004234
0.12960000	0.004215	0.004012
0.12980000	0.004196	0.004139
0.13000000	0.004025	0.004114
0.13020000	0.004330	0.004292
0.13040000	0.004203	0.004190
0.13060000	0.004158	0.004368
0.13080000	0.004222	0.004101
0.13100000	0.004311	0.004228
0.13120000	0.004215	0.004215
0.13140000	0.004266	0.004190
0.13160000	0.004171	0.004158
0.13180000	0.004292	0.004025
0.13200000	0.004145	0.004145
0.13220000	0.004107	0.004253
0.13240000	0.004260	0.004088
0.13260000	0.004094	0.004152
0.13280000	0.004342	0.004190
0.13300000	0.004311	0.004139
0.13320000	0.004253	0.004075
0.13340000	0.004285	0.004368
0.13360000	0.004368	0.004120
0.13380000	0.004406	0.004183
0.13400000	0.004260	0.004088
0.13420000	0.004107	0.004183
0.13440000	0.004546	0.004272
0.13460000	0.004406	0.004298
0.13480000	0.004228	0.004145
0.13500000	0.004527	0.004018
0.13520000	0.004311	0.004215
0.13540000	0.004228	0.004145
0.13560000	0.004368	0.004222
0.13580000	0.004457	0.004050
0.13600000	0.004463	0.004044
0.13620000	0.004419	0.004126
0.13640000	0.004387	0.004177
0.13660000	0.004114	0.004056
0.13680000	0.004368	0.004120
0.13700000	0.004609	0.004241
0.13720000	0.004495	0.004387
0.13740000	0.004559	0.004247
0.13760000	0.004361	0.004114
0.13780000	0.004361	0.004266
0.13800000	0.004272	0.004304
0.13820000	0.004520	0.004292
0.13840000	0.004552	0.004177
0.13860000	0.004374	0.004152
0.13880000	0.004419	0.004120
0.13900000	0.004450	0.004234
0.13920000	0.004482	0.004044
0.13940000	0.004393	0.004177
0.13960000	0.004628	0.003961
0.13980000	0.004336	0.004037
0.14000000	0.004419	0.004126
0.14020000	0.004253	0.004164
0.14040000	0.004482	0.004171
0.14060000	0.004476	0.004069
0.14080000	0.004317	0.003980
0.14100000	0.004400	0.004279
0.14120000	0.004368	0.004209
0.14140000	0.004253	0.004056
0.14160000	0.004552	0.004152
0.14180000	0.004406	0.004304
0.14200000	0.004368	0.004272
0.14220000	0.004679	0.004177
0.14240000	0.004381	0.004171
0.14260000	0.004438	0.004228
0.14280000	0.004476	0.004190
0.14300000	0.004368	0.004209
0.14320000	0.004330	0.004272
0.14340000	0.004431	0.004222
0.14360000	0.004450	0.004114
0.14380000	0.004527	0.004311
0.14400000	0.004374	0.004056
0.14420000	0.004514	0.004215
0.14440000	0.004495	0.004266
0.14460000	0.004406	0.003967
0.14480000	0.004381	0.004279
0.14500000	0.004501	0.004082
0.14520000	0.004457	0.004120
0.14540000	0.004597	0.004171
0.14560000	0.004463	0.004088
0.14580000	0.004400	0.004094
0.14600000	0.004476	0.004094
0.14620000	0.004501	0.004177
0.14640000	0.004361	0.004063
0.14660000	0.004349	0.004272
0.14680000	0.004336	0.004190
0.14700000	0.004463	0.004069
0.14720000	0.004552	0.004044
0.14740000	0.004412	0.004222
0.14760000	0.004285	0.004126
0.14780000	0.004476	0.004266
0.14800000	0.004361	0.004145
0.14820000	0.004450	0.004133
0.14840000	0.004584	0.004196
0.14860000	0.004533	0.004253
0.14880000	0.004330	0.004018
0.14900000	0.004400	0.003986
0.14920000	0.004355	0.004228
0.14940000	0.004406	0.004056
0.14960000	0.004527	0.004069
0.14980000	0.004431	0.003955
0.15000000	0.004425	0.004107
0.15020000	0.004438	0.004063
0.15040000	0.004292	0.004152
0.15060000	0.004361	0.004292
0.15080000	0.004438	0.004145
0.15100000	0.004476	0.004164
0.15120000	0.004323	0.004247
0.15140000	0.004457	0.004094
0.15160000	0.004514	0.004241
0.15180000	0.004381	0.004088
0.15200000	0.004520	0.004120
0.15220000	0.004406	0.004190
0.15240000	0.004317	0.004139
0.15260000	0.004539	0.004183
0.15280000	0.004336	0.004133
0.15300000	0.004438	0.004158
0.15320000	0.004317	0.004082
0.15340000	0.004565	0.003935
0.15360000	0.004457	0.004063
0.15380000	0.004641	0.004196
0.15400000	0.004590	0.004164
0.15420000	0.004298	0.004183
0.15440000	0.004470	0.004241
0.15460000	0.004565	0.004037
0.15480000	0.004501	0.004183
0.15500000	0.004400	0.004094
0.15520000	0.004381	0.004152
0.15540000	0.004272	0.004069
0.15560000	0.004571	0.004094
0.15580000	0.004520	0.004164
0.15600000	0.004381	0.004342
0.15620000	0.004234	0.004272
0.15640000	0.004361	0.004133
0.15660000	0.004546	0.004114
0.15680000	0.004349	0.004145
0.15700000	0.004482	0.004075
0.15720000	0.004444	0.004075
0.15740000	0.004311	0.004266
0.15760000	0.004450	0.004069
0.15780000	0.004444	0.004183
0.15800000	0.004419	0.004088
0.15820000	0.004533	0.004171
0.15840000	0.004381	0.004082
0.15860000	0.004368	0.004241
0.15880000	0.004457	0.004145
0.15900000	0.004438	0.004164
0.15920000	0.004527	0.003935
0.15940000	0.004368	0.004298
0.15960000	0.004495	0.004292
0.15980000	0.004253	0.004215
0.16000000	0.004527	0.004330
0.16020000	0.004374	0.004145
0.16040000	0.004489	0.004222
0.16060000	0.004234	0.004425
0.16080000	0.004361	0.004145
0.16100000	0.004368	0.003904
0.16120000	0.004330	0.003967
0.16140000	0.004431	0.004196
0.16160000	0.004349	0.004266
0.16180000	0.004457	0.004209
0.16200000	0.004215	0.004139
0.16220000	0.004406	0.004260
0.16240000	0.004571	0.004164
0.16260000	0.004463	0.004234
0.16280000	0.004444	0.004069
0.16300000	0.004501	0.004177
0.16320000	0.004508	0.004266
0.16340000	0.004387	0.003935
0.16360000	0.004387	0.004266
0.16380000	0.004539	0.004292
0.16400000	0.004565	0.004222
0.16420000	0.004552	0.004158
0.16440000	0.004272	0.004253
0.16460000	0.004279	0.003980
0.16480000	0.004450	0.004082
0.16500000	0.004400	0.004158
0.16520000	0.004565	0.004044
0.16540000	0.004190	0.004253
0.16560000	0.004527	0.004190
0.16580000	0.004425	0.004037
0.16600000	0.004374	0.004215
0.16620000	0.004381	0.004152
0.16640000	0.004482	0.004145
0.16660000	0.004419	0.004336
0.16680000	0.004565	0.004152
0.16700000	0.004533	0.004069
0.16720000	0.004368	0.004114
0.16740000	0.004495	0.004342
0.16760000	0.004450	0.004075
0.16780000	0.004387	0.004139
0.16800000	0.004565	0.004190
0.16820000	0.004457	0.004082
0.16840000	0.004438	0.004209
0.16860000	0.004597	0.004196
0.16880000	0.004431	0.004094
0.16900000	0.004361	0.004107
0.16920000	0.004431	0.004012
0.16940000	0.004470	0.004234
0.16960000	0.004508	0.004075
0.16980000	0.004482	0.004120
0.17000000	0.004311	0.004241
0.17020000	0.004501	0.004190
0.17040000	0.004597	0.004183
0.17060000	0.004406	0.004222
0.17080000	0.004355	0.004253
0.17100000	0.004438	0.004145
0.17120000	0.004520	0.003961
0.17140000	0.004539	0.004069
0.17160000	0.004609	0.004196
0.17180000	0.004285	0.004215
0.17200000	0.004431	0.004203
0.17220000	0.004311	0.004171
0.17240000	0.004425	0.004056
0.17260000	0.004622	0.004234
0.17280000	0.004565	0.004190
0.17300000	0.004425	0.004044
0.17320000	0.004501	0.003993
0.17340000	0.004355	0.004114
0.17360000	0.004311	0.004139
0.17380000	0.004552	0.004050
0.17400000	0.004476	0.004209
0.17420000	0.004514	0.004044
0.17440000	0.004342	0.004107
0.17460000	0.004501	0.004107
0.17480000	0.004412	0.004082
0.17500000	0.004425	0.003999
0.17520000	0.004330	0.004050
0.17540000	0.004603	0.004203
0.17560000	0.004400	0.004215
0.17580000	0.004342	0.004158
0.17600000	0.004247	0.003808
0.17620000	0.004520	0.004025
0.17640000	0.004393	0.004025
0.17660000	0.004228	0.004247
0.17680000	0.004571	0.004031
0.17700000	0.004463	0.004222
0.17720000	0.004450	0.004152
0.17740000	0.004203	0.004139
0.17760000	0.004196	0.004247
0.17780000	0.004361	0.004222
0.17800000	0.004272	0.004190
0.17820000	0.004387	0.004056
0.17840000	0.004387	0.004228
0.17860000	0.004203	0.004050
0.17880000	0.004559	0.004145
0.17900000	0.004292	0.004247
0.17920000	0.004425	0.004126
0.17940000	0.004393	0.004114
0.17960000	0.004387	0.004018
0.17980000	0.004381	0.004164
0.18000000	0.004368	0.004050
0.18020000	0.004533	0.004298
0.18040000	0.004578	0.004126
0.18060000	0.004393	0.004228
0.18080000	0.004304	0.004139
0.18100000	0.004400	0.003974
0.18120000	0.004298	0.004241
0.18140000	0.004463	0.004069
0.18160000	0.004590	0.004044
0.18180000	0.004457	0.004152
0.18200000	0.004565	0.004190
0.18220000	0.004450	0.004012
0.18240000	0.004463	0.004241
0.18260000	0.004450	0.004374
0.18280000	0.004304	0.004298
0.18300000	0.004622	0.003955
0.18320000	0.004438	0.004311
0.18340000	0.004336	0.004203
0.18360000	0.004476	0.004203
0.18380000	0.004539	0.004063
0.18400000	0.004419	0.004075
0.18420000	0.004520	0.004120
0.18440000	0.004476	0.003935
0.18460000	0.004285	0.004139
0.18480000	0.004463	0.004050
0.18500000	0.004393	0.004063
0.18520000	0.004406	0.004164
0.18540000	0.004457	0.004215
0.18560000	0.004552	0.004133
0.18580000	0.004527	0.003897
0.18600000	0.004470	0.004101
0.18620000	0.004641	0.004247
0.18640000	0.004660	0.003929
0.18660000	0.004349	0.004139
0.18680000	0.004406	0.004183
0.18700000	0.004342	0.004234
0.18720000	0.004361	0.004222
0.18740000	0.004419	0.004126
0.18760000	0.004508	0.004063
0.18780000	0.004400	0.004171
0.18800000	0.004635	0.004419
0.18820000	0.004406	0.004133
0.18840000	0.004279	0.003923
0.18860000	0.004336	0.004050
0.18880000	0.004444	0.004228
0.18900000	0.004520	0.004241
0.18920000	0.004253	0.004234
0.18940000	0.004234	0.004215
0.18960000	0.004317	0.004088
0.18980000	0.004463	0.004228
0.19000000	0.004482	0.004203
0.19020000	0.004253	0.004260
0.19040000	0.004368	0.003974
0.19060000	0.004393	0.004241
0.19080000	0.004349	0.004292
0.19100000	0.004501	0.004292
0.19120000	0.004330	0.004037
0.19140000	0.004311	0.004031
0.19160000	0.004311	0.004164
0.19180000	0.004495	0.004088
0.19200000	0.004272	0.004234
0.19220000	0.004527	0.004215
0.19240000	0.004400	0.004133
0.19260000	0.004342	0.004253
0.19280000	0.004482	0.004298
0.19300000	0.004476	0.003955
0.19320000	0.004203	0.004311
0.19340000	0.004514	0.004107
0.19360000	0.004508	0.004114
0.19380000	0.004603	0.004381
0.19400000	0.004476	0.004196
0.19420000	0.004330	0.004152
0.19440000	0.004667	0.003980
0.19460000	0.004342	0.004215
0.19480000	0.004323	0.004139
0.19500000	0.004381	0.004044
0.19520000	0.004431	0.003948
0.19540000	0.004425	0.004050
0.19560000	0.004387	0.004120
0.19580000	0.004533	0.004241
0.19600000	0.004393	0.004203
0.19620000	0.004272	0.003935
0.19640000	0.004412	0.004304
0.19660000	0.004298	0.004203
0.19680000	0.004330	0.004107
0.19700000	0.004438	0.004228
0.19720000	0.004508	0.004241
0.19740000	0.004298	0.004094
0.19760000	0.004603	0.004018
0.19780000	0.004381	0.004234
0.19800000	0.004374	0.004044
0.19820000	0.004527	0.004158
0.19840000	0.004533	0.004253
0.19860000	0.004400	0.004145
0.19880000	0.004431	0.003935
0.19900000	0.004349	0.003999
0.19920000	0.004381	0.004215
0.19940000	0.004387	0.004266
0.19960000	0.004552	0.003980
0.19980000	0.004311	0.004139
0.20000000	0.004425	0.004037
0.20020000	0.004387	0.004222
0.20040000	0.004450	0.004133
0.20060000	0.004578	0.004094
0.20080000	0.004336	0.004419
0.20100000	0.004501	0.004247
0.20120000	0.004444	0.003993
0.20140000	0.004387	0.004025
0.20160000	0.004489	0.003910
0.20180000	0.004622	0.004292
0.20200000	0.004489	0.004241
0.20220000	0.004470	0.004272
0.20240000	0.004311	0.004203
0.20260000	0.004336	0.004304
0.20280000	0.004470	0.004190
0.20300000	0.004470	0.004082
0.20320000	0.004412	0.004292
0.20340000	0.004641	0.004101
0.20360000	0.004629	0.004082
0.20380000	0.004546	0.003974
0.20400000	0.004381	0.004228
0.20420000	0.004520	0.004158
0.20440000	0.004400	0.004133
0.20460000	0.004489	0.004133
0.20480000	0.004565	0.004145
0.20500000	0.004361	0.004317
0.20520000	0.004444	0.003980
0.20540000	0.004635	0.004241
0.20560000	0.004272	0.004145
0.20580000	0.004361	0.004101
0.20600000	0.004501	0.004323
0.20620000	0.004450	0.004133
0.20640000	0.004412	0.003986
0.20660000	0.004266	0.004158
0.20680000	0.004546	0.004088
0.20700000	0.004311	0.004171
0.20720000	0.004393	0.004228
0.20740000	0.004234	0.004126
0.20760000	0.004425	0.004069
0.20780000	0.004406	0.004145
0.20800000	0.004546	0.003955
0.20820000	0.004412	0.003897
0.20840000	0.004539	0.004260
0.20860000	0.004629	0.004152
0.20880000	0.004514	0.004272
0.20900000	0.004450	0.004107
0.20920000	0.004641	0.004063
0.20940000	0.004355	0.004056
0.20960000	0.004412	0.004190
0.20980000	0.004361	0.004025
0.21000000	0.004425	0.004139
0.21020000	0.004406	0.004139
0.21040000	0.004381	0.004133
0.21060000	0.004495	0.004266
0.21080000	0.004323	0.004164
0.21100000	0.004323	0.004082
0.21120000	0.004482	0.004171
0.21140000	0.004476	0.004133
0.21160000	0.004368	0.004266
0.21180000	0.004565	0.004292
0.21200000	0.004578	0.004082
0.21220000	0.004330	0.004190
0.21240000	0.004622	0.004133
0.21260000	0.004311	0.004114
0.21280000	0.004323	0.004203
0.21300000	0.004406	0.004114
0.21320000	0.004247	0.003980
0.21340000	0.004489	0.004171
0.21360000	0.004368	0.004145
0.21380000	0.004431	0.004088
0.21400000	0.004552	0.004381
0.21420000	0.004349	0.004164
0.21440000	0.004285	0.004215
0.21460000	0.004470	0.003961
0.21480000	0.004406	0.004037
0.21500000	0.004482	0.003929
0.21520000	0.004514	0.004120
0.21540000	0.004476	0.004158
0.21560000	0.004495	0.004018
0.21580000	0.004565	0.004253
0.21600000	0.004419	0.004196
0.21620000	0.004425	0.004241
0.21640000	0.004501	0.004190
0.21660000	0.004349	0.004152
0.21680000	0.004374	0.004075
0.21700000	0.004336	0.004044
0.21720000	0.004374	0.003993
0.21740000	0.004559	0.004025
0.21760000	0.004393	0.004152
0.21780000	0.004578	0.004190
0.21800000	0.004355	0.004266
0.21820000	0.004298	0.003967
0.21840000	0.004450	0.004005
0.21860000	0.004470	0.004183
0.21880000	0.004374	0.004101
0.21900000	0.004470	0.004101
0.21920000	0.004635	0.004279
0.21940000	0.004444	0.004120
0.21960000	0.004590	0.004266
0.21980000	0.004546	0.004285
0.22000000	0.004508	0.004044
0.22020000	0.004495	0.004196
0.22040000	0.004438	0.004152
0.22060000	0.004482	0.004126
0.22080000	0.004412	0.004298
0.22100000	0.004508	0.004209
0.22120000	0.004450	0.004190
0.22140000	0.004470	0.004228
0.22160000	0.004470	0.004342
0.22180000	0.004457	0.004012
0.22200000	0.004501	0.004025
0.22220000	0.004438	0.004101
0.22240000	0.004393	0.004342
0.22260000	0.004419	0.004444
0.22280000	0.004425	0.004018
0.22300000	0.004158	0.004266
0.22320000	0.004603	0.004075
0.22340000	0.004311	0.004209
0.22360000	0.004419	0.004094
0.22380000	0.004527	0.004050
0.22400000	0.004495	0.003974
0.22420000	0.004501	0.004241
0.22440000	0.004387	0.004190
0.22460000	0.004533	0.004126
0.22480000	0.004336	0.004094
0.22500000	0.004374	0.004012
0.22520000	0.004368	0.004272
0.22540000	0.004406	0.004088
0.22560000	0.004387	0.004050
0.22580000	0.004482	0.004037
0.22600000	0.004482	0.004120
0.22620000	0.004381	0.003891
0.22640000	0.004234	0.004158
0.22660000	0.004381	0.003999
0.22680000	0.004495	0.004152
0.22700000	0.004463	0.004171
0.22720000	0.004438	0.004209
0.22740000	0.004393	0.004012
0.22760000	0.004444	0.004088
0.22780000	0.004482	0.004094
0.22800000	0.004355	0.004203
0.22820000	0.004234	0.004164
0.22840000	0.004368	0.004222
0.22860000	0.004603	0.003904
0.22880000	0.004349	0.004272
0.22900000	0.004336	0.004082
0.22920000	0.004400	0.004425
0.22940000	0.004342	0.004050
0.22960000	0.004292	0.003980
0.22980000	0.004368	0.004152
0.23000000	0.004412	0.004101
0.23020000	0.004463	0.004018
0.23040000	0.004342	0.004139
0.23060000	0.004412	0.004241
0.23080000	0.004381	0.004031
0.23100000	0.004349	0.004152
0.23120000	0.004292	0.004164
0.23140000	0.004539	0.004126
0.23160000	0.004419	0.004114
0.23180000	0.004355	0.004050
0.23200000	0.004533	0.004152
0.23220000	0.004304	0.004075
0.23240000	0.004438	0.004145
0.23260000	0.004533	0.003999
0.23280000	0.004489	0.004183
0.23300000	0.004463	0.004114
0.23320000	0.004450	0.004171
0.23340000	0.004317	0.004063
0.23360000	0.004412	0.004126
0.23380000	0.004393	0.004171
0.23400000	0.004552	0.004203
0.23420000	0.004527	0.004133
0.23440000	0.004476	0.004190
0.23460000	0.004279	0.004241
0.23480000	0.004520	0.004012
0.23500000	0.004501	0.004292
0.23520000	0.004590	0.004171
0.23540000	0.004374	0.004025
0.23560000	0.004501	0.004368
0.23580000	0.004374	0.004241
0.23600000	0.004520	0.004094
0.23620000	0.004400	0.004183
0.23640000	0.004330	0.004253
0.23660000	0.004533	0.004285
0.23680000	0.004311	0.004247
0.23700000	0.004368	0.003986
0.23720000	0.004349	0.004374
0.23740000	0.004482	0.004133
0.23760000	0.004311	0.004088
0.23780000	0.004463	0.003885
0.23800000	0.004349	0.004266
0.23820000	0.004641	0.004082
0.23840000	0.004253	0.004120
0.23860000	0.004203	0.004044
0.23880000	0.004476	0.004196
0.23900000	0.004539	0.004374
0.23920000	0.004514	0.004094
0.23940000	0.004438	0.004133
0.23960000	0.004425	0.004139
0.23980000	0.004590	0.004133
0.24000000	0.004482	0.004171
0.24020000	0.004368	0.004126
0.24040000	0.004482	0.004272
0.24060000	0.004533	0.004094
0.24080000	0.004387	0.004209
0.24100000	0.004629	0.004139
0.24120000	0.004393	0.004260
0.24140000	0.004431	0.004196
0.24160000	0.004457	0.004158
0.24180000	0.004342	0.004069
0.24200000	0.004489	0.004158
0.24220000	0.004279	0.003910
0.24240000	0.004565	0.004336
0.24260000	0.004330	0.004177
0.24280000	0.004463	0.004126
0.24300000	0.004279	0.004031
0.24320000	0.004330	0.004069
0.24340000	0.004616	0.004050
0.24360000	0.004368	0.004139
0.24380000	0.004495	0.004145
0.24400000	0.004495	0.004253
0.24420000	0.004400	0.004031
0.24440000	0.004311	0.004222
0.24460000	0.004361	0.004012
0.24480000	0.004304	0.004069
0.24500000	0.004527	0.004114
0.24520000	0.004381	0.004139
0.24540000	0.004431	0.003980
0.24560000	0.004495	0.004139
0.24580000	0.004400	0.004177
0.24600000	0.004470	0.003986
0.24620000	0.004381	0.004114
0.24640000	0.004450	0.004133
0.24660000	0.004349	0.003961
0.24680000	0.004393	0.004012
0.24700000	0.004336	0.004164
0.24720000	0.004622	0.004075
0.24740000	0.004272	0.004120
0.24760000	0.004508	0.004266
0.24780000	0.004304	0.004126
0.24800000	0.004450	0.004196
0.24820000	0.004450	0.004279
0.24840000	0.004546	0.004222
0.24860000	0.004330	0.004145
0.24880000	0.004368	0.004164
0.24900000	0.004444	0.004209
0.24920000	0.004368	0.004183
0.24940000	0.004482	0.004120
0.24960000	0.004419	0.004164
0.24980000	0.004317	0.004152
0.25000000	0.004463	0.004241
0.25020000	0.004387	0.004069
0.25040000	0.004425	0.004126
0.25060000	0.004393	0.004107
0.25080000	0.004419	0.004037
0.25100000	0.004489	0.004260
0.25120000	0.004419	0.004145
0.25140000	0.004450	0.004260
0.25160000	0.004539	0.004247
0.25180000	0.004450	0.004234
0.25200000	0.004406	0.004355
0.25220000	0.004425	0.004196
0.25240000	0.004482	0.004082
0.25260000	0.004311	0.004247
0.25280000	0.004508	0.004152
0.25300000	0.004705	0.004050
0.25320000	0.004495	0.004037
0.25340000	0.004571	0.004152
0.25360000	0.004641	0.004183
0.25380000	0.004323	0.004177
0.25400000	0.004609	0.004247
0.25420000	0.004311	0.004152
0.25440000	0.004514	0.004253
0.25460000	0.004470	0.004107
0.25480000	0.004749	0.004203
0.25500000	0.004514	0.004241
0.25520000	0.004317	0.004171
0.25540000	0.004444	0.004247
0.25560000	0.004431	0.004253
0.25580000	0.004527	0.004330
0.25600000	0.004457	0.003980
0.25620000	0.004559	0.003986
0.25640000	0.004463	0.004114
0.25660000	0.004470	0.004203
0.25680000	0.004514	0.003980
0.25700000	0.004444	0.004145
0.25720000	0.004489	0.004044
0.25740000	0.004304	0.004152
0.25760000	0.004419	0.004292
0.25780000	0.004444	0.004311
0.25800000	0.004476	0.004152
0.25820000	0.004387	0.004031
0.25840000	0.004361	0.003878
0.25860000	0.004450	0.003961
0.25880000	0.004368	0.003961
0.25900000	0.004489	0.004107
0.25920000	0.004648	0.004088
0.25940000	0.004463	0.004133
0.25960000	0.004470	0.004317
0.25980000	0.004164	0.004177
0.26000000	0.004444	0.004126
0.26020000	0.004470	0.004088
0.26040000	0.004336	0.004164
0.26060000	0.004107	0.004063
0.26080000	0.004552	0.004330
0.26100000	0.004279	0.004247
0.26120000	0.004292	0.004139
0.26140000	0.004406	0.004126
0.26160000	0.004355	0.003999
0.26180000	0.004126	0.004171
0.26200000	0.004425	0.004253
0.26220000	0.004374	0.004152
0.26240000	0.004393	0.004126
0.26260000	0.004330	0.004152
0.26280000	0.004304	0.004228
0.26300000	0.004253	0.003942
0.26320000	0.004272	0.004126
0.26340000	0.004292	0.003980
0.26360000	0.004450	0.004171
0.26380000	0.004482	0.004292
0.26400000	0.004330	0.004114
0.26420000	0.004304	0.004171
0.26440000	0.004463	0.004139
0.26460000	0.004482	0.004247
0.26480000	0.004450	0.004120
0.26500000	0.004559	0.004133
0.26520000	0.004489	0.004304
0.26540000	0.004381	0.004133
0.26560000	0.004387	0.004292
0.26580000	0.004400	0.004342
0.26600000	0.004374	0.004069
0.26620000	0.004508	0.004005
0.26640000	0.004533	0.004234
0.26660000	0.004463	0.004177
0.26680000	0.004546	0.004094
0.26700000	0.004406	0.004298
0.26720000	0.004457	0.004139
0.26740000	0.004431	0.004260
0.26760000	0.004495	0.004139
0.26780000	0.004266	0.004152
0.26800000	0.004489	0.004253
0.26820000	0.004393	0.004082
0.26840000	0.004641	0.004311
0.26860000	0.004450	0.004272
0.26880000	0.004368	0.004120
0.26900000	0.004317	0.004114
0.26920000	0.004438	0.004069
0.26940000	0.004590	0.004094
0.26960000	0.004590	0.004126
0.26980000	0.004482	0.004063
0.27000000	0.004609	0.004075
0.27020000	0.004431	0.004222
0.27040000	0.004463	0.003948
0.27060000	0.004330	0.004196
0.27080000	0.004520	0.004069
0.27100000	0.004527	0.004247
0.27120000	0.004616	0.004234
0.27140000	0.004381	0.004050
0.27160000	0.004578	0.004056
0.27180000	0.004514	0.004126
0.27200000	0.004323	0.004063
0.27220000	0.004482	0.004075
0.27240000	0.004616	0.004183
0.27260000	0.004438	0.004260
0.27280000	0.004476	0.004101
0.27300000	0.004304	0.004145
0.27320000	0.004489	0.004368
0.27340000	0.004387	0.004126
0.27360000	0.004361	0.003923
0.27380000	0.004489	0.004126
0.27400000	0.004584	0.003993
0.27420000	0.004298	0.004012
0.27440000	0.004361	0.003967
0.27460000	0.004406	0.004075
0.27480000	0.004520	0.004075
0.27500000	0.004470	0.004190
0.27520000	0.004342	0.004190
0.27540000	0.004412	0.004031
0.27560000	0.004571	0.004139
0.27580000	0.004520	0.004120
0.27600000	0.004361	0.004152
0.27620000	0.004215	0.004139
0.27640000	0.004361	0.004164
0.27660000	0.004495	0.004177
0.27680000	0.004482	0.004101
0.27700000	0.004247	0.004222
0.27720000	0.004495	0.004018
0.27740000	0.004266	0.004025
0.27760000	0.004317	0.004349
0.27780000	0.004527	0.004164
0.27800000	0.004374	0.004114
0.27820000	0.004508	0.004183
0.27840000	0.004508	0.004025
0.27860000	0.004368	0.004018
0.27880000	0.004374	0.004037
0.27900000	0.004482	0.004241
0.27920000	0.004304	0.003910
0.27940000	0.004196	0.004094
0.27960000	0.004489	0.004050
0.27980000	0.004482	0.004177
0.28000000	0.004520	0.004082
0.28020000	0.004476	0.004279
0.28040000	0.004387	0.004222
0.28060000	0.004450	0.004012
0.28080000	0.004361	0.004056
0.28100000	0.004438	0.004075
0.28120000	0.004470	0.004101
0.28140000	0.004400	0.004094
0.28160000	0.004724	0.004234
0.28180000	0.004559	0.004107
0.28200000	0.004393	0.004234
0.28220000	0.004476	0.004228
0.28240000	0.004501	0.004215
0.28260000	0.004457	0.004139
0.28280000	0.004330	0.003910
0.28300000	0.004476	0.004317
0.28320000	0.004234	0.004203
0.28340000	0.004501	0.004222
0.28360000	0.004425	0.004171
0.28380000	0.004349	0.004241
0.28400000	0.004508	0.004152
0.28420000	0.004406	0.004196
0.28440000	0.004393	0.004120
0.28460000	0.004616	0.004114
0.28480000	0.004533	0.004177
0.28500000	0.004559	0.004203
0.28520000	0.004215	0.004247
0.28540000	0.004539	0.004152
0.28560000	0.004374	0.004196
0.28580000	0.004381	0.004063
0.28600000	0.004450	0.004177
0.28620000	0.004470	0.004336
0.28640000	0.004349	0.004088
0.28660000	0.004559	0.004304
0.28680000	0.004508	0.004209
0.28700000	0.004533	0.004114
0.28720000	0.004546	0.004190
0.28740000	0.004514	0.004183
0.28760000	0.004457	0.004082
0.28780000	0.004489	0.004361
0.28800000	0.004158	0.004196
0.28820000	0.004317	0.004183
0.28840000	0.004482	0.004133
0.28860000	0.004317	0.004025
0.28880000	0.004527	0.004342
0.28900000	0.004285	0.004228
0.28920000	0.004406	0.004241
0.28940000	0.004622	0.004082
0.28960000	0.004482	0.004050
0.28980000	0.004470	0.003999
0.29000000	0.004323	0.004158
0.29020000	0.004292	0.004075
0.29040000	0.004482	0.003999
0.29060000	0.004412	0.004069
0.29080000	0.004330	0.004336
0.29100000	0.004470	0.004196
0.29120000	0.004457	0.004101
0.29140000	0.004292	0.004272
0.29160000	0.004387	0.004228
0.29180000	0.004539	0.004152
0.29200000	0.004266	0.004069
0.29220000	0.004349	0.004260
0.29240000	0.004393	0.004037
0.29260000	0.004266	0.004323
0.29280000	0.004336	0.004031
0.29300000	0.004279	0.004222
0.29320000	0.004349	0.003967
0.29340000	0.004247	0.004444
0.29360000	0.004336	0.004209
0.29380000	0.004431	0.004183
0.29400000	0.004133	0.004094
0.29420000	0.004349	0.004361
0.29440000	0.004241	0.004183
0.29460000	0.004431	0.004164
0.29480000	0.004419	0.004120
0.29500000	0.004336	0.004044
0.29520000	0.004190	0.004012
0.29540000	0.004578	0.004107
0.29560000	0.004450	0.004222
0.29580000	0.004457	0.004368
0.29600000	0.004444	0.004209
0.29620000	0.004438	0.003935
0.29640000	0.004470	0.004355
0.29660000	0.004349	0.004145
0.29680000	0.004323	0.003916
0.29700000	0.004311	0.004209
0.29720000	0.004431	0.004164
0.29740000	0.004565	0.004145
0.29760000	0.004374	0.004044
0.29780000	0.004482	0.004120
0.29800000	0.004539	0.004285
0.29820000	0.004342	0.004082
0.29840000	0.004546	0.004018
0.29860000	0.004616	0.003986
0.29880000	0.004501	0.004025
0.29900000	0.004584	0.004272
0.29920000	0.004495	0.004164
0.29940000	0.004419	0.004196
0.29960000	0.004508	0.004171
0.29980000	0.004387	0.003999
0.30000000	0.004450	0.004050
0.30020000	0.004438	0.004292
0.30040000	0.004387	0.004177
0.30060000	0.004463	0.004298
0.30080000	0.004355	0.004190
0.30100000	0.004311	0.004190
0.30120000	0.004374	0.004311
0.30140000	0.004527	0.004177
0.30160000	0.004298	0.004266
0.30180000	0.004457	0.004152
0.30200000	0.004272	0.004082
0.30220000	0.004368	0.004298
0.30240000	0.004279	0.004298
0.30260000	0.004438	0.004082
0.30280000	0.004482	0.004050
0.30300000	0.004476	0.004171
0.30320000	0.004393	0.004177
0.30340000	0.004654	0.004196
0.30360000	0.004724	0.004279
0.30380000	0.004552	0.004075
0.30400000	0.004400	0.004203
0.30420000	0.004673	0.004107
0.30440000	0.004489	0.004317
0.30460000	0.004654	0.004114
0.30480000	0.004520	0.004120
0.30500000	0.004272	0.004196
0.30520000	0.004520	0.004139
0.30540000	0.004298	0.004133
0.30560000	0.004527	0.004279
0.30580000	0.004514	0.004145
0.30600000	0.004406	0.004139
0.30620000	0.004692	0.004177
0.30640000	0.004342	0.004203
0.30660000	0.004578	0.004190
0.30680000	0.004215	0.004260
0.30700000	0.004425	0.004069
0.30720000	0.004482	0.004050
0.30740000	0.004482	0.004209
0.30760000	0.004361	0.004190
0.30780000	0.004279	0.004234
0.30800000	0.004260	0.004152
0.30820000	0.004578	0.004037
0.30840000	0.004705	0.004114
0.30860000	0.004285	0.004203
0.30880000	0.004514	0.004241
0.30900000	0.004527	0.004056
0.30920000	0.004400	0.003999
0.30940000	0.004387	0.004044
0.30960000	0.004400	0.004209
0.30980000	0.004412	0.004107
0.31000000	0.004425	0.004037
0.31020000	0.004425	0.003942
0.31040000	0.004476	0.004183
0.31060000	0.004501	0.004196
0.31080000	0.004533	0.004234
0.31100000	0.004438	0.003942
0.31120000	0.004323	0.004139
0.31140000	0.004539	0.004171
0.31160000	0.004470	0.004114
0.31180000	0.004266	0.004114
0.31200000	0.004495	0.004183
0.31220000	0.004393	0.004025
0.31240000	0.004463	0.004005
0.31260000	0.004260	0.004107
0.31280000	0.004539	0.004253
0.31300000	0.004349	0.004025
0.31320000	0.004565	0.004005
0.31340000	0.004463	0.004177
0.31360000	0.004667	0.004285
0.31380000	0.004260	0.004126
0.31400000	0.004393	0.004025
0.31420000	0.004457	0.004215
0.31440000	0.004476	0.004311
0.31460000	0.004330	0.004317
0.31480000	0.004393	0.004209
0.31500000	0.004686	0.004145
0.31520000	0.004539	0.004107
0.31540000	0.004520	0.004196
0.31560000	0.004342	0.004139
0.31580000	0.004336	0.004005
0.31600000	0.004368	0.003948
0.31620000	0.004508	0.004323
0.31640000	0.004495	0.004082
0.31660000	0.004393	0.004234
0.31680000	0.004438	0.004005
0.31700000	0.004476	0.003834
0.31720000	0.004342	0.004241
0.31740000	0.004222	0.004101
0.31760000	0.004311	0.004107
0.31780000	0.004349	0.004037
0.31800000	0.004431	0.004228
0.31820000	0.004565	0.004203
0.31840000	0.004393	0.004177
0.31860000	0.004629	0.004177
0.31880000	0.004590	0.004234
0.31900000	0.004355	0.004044
0.31920000	0.004311	0.004012
0.31940000	0.004470	0.004152
0.31960000	0.004431	0.004050
0.31980000	0.004603	0.004215
0.32000000	0.004234	0.004139
0.32020000	0.004590	0.004234
0.32040000	0.004565	0.004152
0.32060000	0.004393	0.004012
0.32080000	0.004361	0.004260
0.32100000	0.004660	0.004171
0.32120000	0.004374	0.004133
0.32140000	0.004412	0.004209
0.32160000	0.004628	0.004164
0.32180000	0.004298	0.004120
0.32200000	0.004419	0.004247
0.32220000	0.004539	0.003980
0.32240000	0.004412	0.004050
0.32260000	0.004590	0.004203
0.32280000	0.004400	0.004311
0.32300000	0.004775	0.004292
0.32320000	0.004438	0.004152
0.32340000	0.004431	0.004145
0.32360000	0.004425	0.004120
0.32380000	0.004317	0.004018
0.32400000	0.004292	0.004018
0.32420000	0.004400	0.004158
0.32440000	0.004501	0.004253
0.32460000	0.004482	0.004311
0.32480000	0.004412	0.004025
0.32500000	0.004336	0.004190
0.32520000	0.004304	0.004101
0.32540000	0.004698	0.004152
0.32560000	0.004673	0.004114
0.32580000	0.004361	0.004094
0.32600000	0.004304	0.004107
0.32620000	0.004272	0.004101
0.32640000	0.004450	0.004145
0.32660000	0.004419	0.004107
0.32680000	0.004463	0.004120
0.32700000	0.004501	0.004082
0.32720000	0.004323	0.004171
0.32740000	0.004425	0.004266
0.32760000	0.004514	0.004228
0.32780000	0.004330	0.003897
0.32800000	0.004501	0.004107
0.32820000	0.004381	0.004005
0.32840000	0.004279	0.004120
0.32860000	0.004361	0.004222
0.32880000	0.004247	0.004063
0.32900000	0.004317	0.004183
0.32920000	0.004183	0.004183
0.32940000	0.004508	0.004183
0.32960000	0.004482	0.004209
0.32980000	0.004508	0.004025
0.33000000	0.004482	0.004272
0.33020000	0.004450	0.003770
0.33040000	0.004482	0.004183
0.33060000	0.004387	0.004094
0.33080000	0.004330	0.004158
0.33100000	0.004457	0.004101
0.33120000	0.004431	0.004101
0.33140000	0.004336	0.004349
0.33160000	0.004527	0.004196
0.33180000	0.004330	0.004190
0.33200000	0.004349	0.004177
0.33220000	0.004368	0.004253
0.33240000	0.004374	0.004260
0.33260000	0.004412	0.003986
0.33280000	0.004425	0.004088
0.33300000	0.004552	0.004088
0.33320000	0.004419	0.004266
0.33340000	0.004349	0.004101
0.33360000	0.004463	0.004120
0.33380000	0.004355	0.003974
0.33400000	0.004412	0.004145
0.33420000	0.004718	0.004272
0.33440000	0.004374	0.004190
0.33460000	0.004304	0.004196
0.33480000	0.004501	0.004152
0.33500000	0.004565	0.004247
0.33520000	0.004387	0.004101
0.33540000	0.004431	0.004063
0.33560000	0.004578	0.004037
0.33580000	0.004520	0.004419
0.33600000	0.004381	0.004145
0.33620000	0.004495	0.004012
0.33640000	0.004330	0.004114
0.33660000	0.004559	0.004101
0.33680000	0.004438	0.004342
0.33700000	0.004571	0.004266
0.33720000	0.004660	0.004088
0.33740000	0.004520	0.004044
0.33760000	0.004431	0.003942
0.33780000	0.004501	0.004069
0.33800000	0.004648	0.004082
0.33820000	0.004476	0.004260
0.33840000	0.004546	0.004044
0.33860000	0.004743	0.004139
0.33880000	0.004508	0.004158
0.33900000	0.004431	0.004114
0.33920000	0.004450	0.004292
0.33940000	0.004501	0.004018
0.33960000	0.004603	0.004152
0.33980000	0.004412	0.004152
0.34000000	0.004584	0.004050
0.34020000	0.004400	0.004114
0.34040000	0.004412	0.003986
0.34060000	0.004368	0.003980
0.34080000	0.004679	0.004158
0.34100000	0.004228	0.004101
0.34120000	0.004457	0.004183
0.34140000	0.004304	0.004031
0.34160000	0.004323	0.004247
0.34180000	0.004603	0.004171
0.34200000	0.004330	0.004285
0.34220000	0.004622	0.004196
0.34240000	0.004349	0.004088
0.34260000	0.004241	0.004158
0.34280000	0.004355	0.004298
0.34300000	0.004571	0.004190
0.34320000	0.004412	0.004203
0.34340000	0.004139	0.004005
0.34360000	0.004533	0.004005
0.34380000	0.004482	0.004139
0.34400000	0.004584	0.004075
0.34420000	0.004489	0.004044
0.34440000	0.004470	0.004183
0.34460000	0.004342	0.004120
0.34480000	0.004323	0.004164
0.34500000	0.004463	0.004164
0.34520000	0.004527	0.004120
0.34540000	0.004247	0.004158
0.34560000	0.004355	0.003967
0.34580000	0.004247	0.003980
0.34600000	0.004470	0.004247
0.34620000	0.004285	0.004177
0.34640000	0.004622	0.004164
0.34660000	0.004215	0.004164
0.34680000	0.004349	0.004285
0.34700000	0.004533	0.004260
0.34720000	0.004457	0.003974
0.34740000	0.004425	0.004152
0.34760000	0.004393	0.004228
0.34780000	0.004476	0.004164
0.34800000	0.004616	0.004114
0.34820000	0.004387	0.004158
0.34840000	0.004654	0.004241
0.34860000	0.004336	0.004260
0.34880000	0.004298	0.004158
0.34900000	0.004463	0.004114
0.34920000	0.004400	0.004215
0.34940000	0.004533	0.004177
0.34960000	0.004400	0.003993
0.34980000	0.004323	0.004196
0.35000000	0.004438	0.004336
0.35020000	0.004584	0.004234
0.35040000	0.004304	0.004317
0.35060000	0.004597	0.004158
0.35080000	0.004419	0.004152
0.35100000	0.004349	0.004101
0.35120000	0.004419	0.004285
0.35140000	0.004489	0.004063
0.35160000	0.004527	0.004196
0.35180000	0.004425	0.004272
0.35200000	0.004514	0.004228
0.35220000	0.004406	0.004266
0.35240000	0.004546	0.004183
0.35260000	0.004234	0.004215
0.35280000	0.004590	0.004164
0.35300000	0.004381	0.004285
0.35320000	0.004285	0.004336
0.35340000	0.004628	0.004120
0.35360000	0.004476	0.004285
0.35380000	0.004482	0.004183
0.35400000	0.004444	0.003999
0.35420000	0.004533	0.004234
0.35440000	0.004387	0.004183
0.35460000	0.004609	0.003948
0.35480000	0.004463	0.004285
0.35500000	0.004749	0.004228
0.35520000	0.004381	0.004279
0.35540000	0.004304	0.004177
0.35560000	0.004368	0.004171
0.35580000	0.004406	0.004152
0.35600000	0.004514	0.004253
0.35620000	0.004412	0.004253
0.35640000	0.004470	0.004133
0.35660000	0.004470	0.004171
0.35680000	0.004381	0.004107
0.35700000	0.004368	0.004012
0.35720000	0.004381	0.004120
0.35740000	0.004616	0.004145
0.35760000	0.004514	0.004183
0.35780000	0.004323	0.003961
0.35800000	0.004419	0.004133
0.35820000	0.004559	0.004177
0.35840000	0.004501	0.004139
0.35860000	0.004317	0.004209
0.35880000	0.004063	0.004183
0.35900000	0.004349	0.004292
0.35920000	0.004419	0.004044
0.35940000	0.004349	0.004158
0.35960000	0.004292	0.004025
0.35980000	0.004584	0.004183
0.36000000	0.004768	0.004311
0.36020000	0.004400	0.004171
0.36040000	0.004330	0.004114
0.36060000	0.004406	0.004190
0.36080000	0.004317	0.004234
0.36100000	0.004253	0.004215
0.36120000	0.004489	0.004164
0.36140000	0.004323	0.004279
0.36160000	0.004438	0.004222
0.36180000	0.004482	0.004317
0.36200000	0.004431	0.004139
0.36220000	0.004381	0.004266
0.36240000	0.004368	0.004234
0.36260000	0.004336	0.004292
0.36280000	0.004368	0.004196
0.36300000	0.004431	0.004101
0.36320000	0.004342	0.004094
0.36340000	0.004425	0.004088
0.36360000	0.004381	0.004177
0.36380000	0.004419	0.004215
0.36400000	0.004374	0.004253
0.36420000	0.004470	0.004209
0.36440000	0.004419	0.004018
0.36460000	0.004508	0.004279
0.36480000	0.004476	0.004164
0.36500000	0.004349	0.003840
0.36520000	0.004419	0.004069
0.36540000	0.004298	0.004222
0.36560000	0.004209	0.004152
0.36580000	0.004444	0.004203
0.36600000	0.004323	0.004063
0.36620000	0.004679	0.004241
0.36640000	0.004489	0.003916
0.36660000	0.004533	0.004088
0.36680000	0.004374	0.004304
0.36700000	0.004457	0.004012
0.36720000	0.004431	0.004253
0.36740000	0.004648	0.004126
0.36760000	0.004381	0.004374
0.36780000	0.004628	0.004069
0.36800000	0.004470	0.004114
0.36820000	0.004508	0.004203
0.36840000	0.004311	0.004139
0.36860000	0.004393	0.004139
0.36880000	0.004425	0.004158
0.36900000	0.004501	0.004107
0.36920000	0.004387	0.004050
0.36940000	0.004489	0.004253
0.36960000	0.004463	0.004063
0.36980000	0.004584	0.004082
0.37000000	0.004419	0.004164
0.37020000	0.004559	0.004133
0.37040000	0.004361	0.004107
0.37060000	0.004387	0.004094
0.37080000	0.004368	0.004056
0.37100000	0.004450	0.004164
0.37120000	0.004425	0.004336
0.37140000	0.004501	0.004107
0.37160000	0.004438	0.004101
0.37180000	0.004355	0.003967
0.37200000	0.004470	0.003923
0.37220000	0.004336	0.003891
0.37240000	0.004590	0.004056
0.37260000	0.004387	0.004101
0.37280000	0.004571	0.004120
0.37300000	0.004495	0.003916
0.37320000	0.004514	0.003986
0.37340000	0.004565	0.003999
0.37360000	0.004597	0.004107
0.37380000	0.004470	0.004126
0.37400000	0.004393	0.004158
0.37420000	0.004482	0.004190
0.37440000	0.004374	0.003942
0.37460000	0.004393	0.004069
0.37480000	0.004311	0.004133
0.37500000	0.004311	0.004222
0.37520000	0.004552	0.004005
0.37540000	0.004387	0.004107
0.37560000	0.004241	0.004234
0.37580000	0.004520	0.004349
0.37600000	0.004438	0.004101
0.37620000	0.004361	0.004133
0.37640000	0.004279	0.004158
0.37660000	0.004450	0.004241
0.37680000	0.004381	0.003993
0.37700000	0.004374	0.004145
0.37720000	0.004679	0.004031
0.37740000	0.004368	0.004126
0.37760000	0.004450	0.004152
0.37780000	0.004279	0.004075
0.37800000	0.004285	0.004177
0.37820000	0.004419	0.004044
0.37840000	0.004349	0.004272
0.37860000	0.004222	0.004279
0.37880000	0.004400	0.004101
0.37900000	0.004183	0.004164
0.37920000	0.004317	0.004063
0.37940000	0.004686	0.004120
0.37960000	0.004450	0.004056
0.37980000	0.004565	0.004050
0.38000000	0.004539	0.004031
0.38020000	0.004470	0.004025
0.38040000	0.004603	0.003961
0.38060000	0.004552	0.004069
0.38080000	0.004667	0.004272
0.38100000	0.004539	0.004139
0.38120000	0.004514	0.004152
0.38140000	0.004648	0.004114
0.38160000	0.004425	0.004107
0.38180000	0.004520	0.003993
0.38200000	0.004501	0.004266
0.38220000	0.004425	0.004164
0.38240000	0.004533	0.004164
0.38260000	0.004406	0.004228
0.38280000	0.004412	0.004203
0.38300000	0.004457	0.004164
0.38320000	0.004311	0.004241
0.38340000	0.004552	0.004025
0.38360000	0.004489	0.004012
0.38380000	0.004641	0.004120
0.38400000	0.004641	0.004495
0.38420000	0.004546	0.004063
0.38440000	0.004476	0.004050
0.38460000	0.004425	0.004196
0.38480000	0.004654	0.004196
0.38500000	0.004425	0.004005
0.38520000	0.004590	0.004183
0.38540000	0.004260	0.003872
0.38560000	0.004393	0.004171
0.38580000	0.004603	0.004266
0.38600000	0.004438	0.004190
0.38620000	0.004476	0.003948
0.38640000	0.004431	0.004209
0.38660000	0.004495	0.004196
0.38680000	0.004298	0.004044
0.38700000	0.004438	0.004272
0.38720000	0.004470	0.004349
0.38740000	0.004597	0.003904
0.38760000	0.004635	0.004304
0.38780000	0.004730	0.004196
0.38800000	0.004374	0.004381
0.38820000	0.004400	0.004355
0.38840000	0.004597	0.004190
0.38860000	0.004438	0.004222
0.38880000	0.004629	0.004094
0.38900000	0.004501	0.003961
0.38920000	0.004349	0.004177
0.38940000	0.004609	0.004056
0.38960000	0.004457	0.003993
0.38980000	0.004393	0.004107
0.39000000	0.004508	0.004266
0.39020000	0.004304	0.004120
0.39040000	0.004514	0.004164
0.39060000	0.004381	0.003942
0.39080000	0.004355	0.004171
0.39100000	0.004584	0.004088
0.39120000	0.004489	0.004279
0.39140000	0.004482	0.004311
0.39160000	0.004501	0.004139
0.39180000	0.004342	0.004292
0.39200000	0.004393	0.004114
0.39220000	0.004565	0.003935
0.39240000	0.004381	0.004292
0.39260000	0.004400	0.004215
0.39280000	0.004660	0.004126
0.39300000	0.004571	0.004209
0.39320000	0.004514	0.004177
0.39340000	0.004393	0.004018
0.39360000	0.004285	0.004164
0.39380000	0.004368	0.004209
0.39400000	0.004361	0.004381
0.39420000	0.004349	0.004196
0.39440000	0.004361	0.004228
0.39460000	0.004450	0.004069
0.39480000	0.004514	0.004126
0.39500000	0.004336	0.004114
0.39520000	0.004361	0.004126
0.39540000	0.004489	0.003859
0.39560000	0.004527	0.004056
0.39580000	0.004317	0.003986
0.39600000	0.004387	0.004196
0.39620000	0.004355	0.004050
0.39640000	0.004527	0.004031
0.39660000	0.004279	0.004203
0.39680000	0.004565	0.003942
0.39700000	0.004552	0.004031
0.39720000	0.004565	0.004253
0.39740000	0.004425	0.004126
0.39760000	0.004552	0.004031
0.39780000	0.004457	0.004304
0.39800000	0.004463	0.004209
0.39820000	0.004470	0.004152
0.39840000	0.004419	0.004037
0.39860000	0.004495	0.004114
0.39880000	0.004330	0.004272
0.39900000	0.004648	0.004158
0.39920000	0.004508	0.004164
0.39940000	0.004450	0.004412
0.39960000	0.004539	0.003993
0.39980000	0.004444	0.004203
